Mags returned by PIRO_2020, time23.200464742324534, 0.01 
21.250590591319753, 0.06434343434342847 
20.653989256863746, 0.11868686868685693 
20.305055648073445, 0.1730303030302854 
20.063531586759893, 0.22737373737371389 
19.881943988757573, 0.28171717171714233 
19.73848117628636, 0.3360606060605708 
19.621329333201636, 0.3904040404039993 
19.523381334457845, 0.44474747474742776 
19.440035708016175, 0.49909090909085624 
19.368146428894512, 0.5534343434342847 
19.305470038951317, 0.6077777777777131 
19.25035209363265, 0.6621212121211416 
19.201538623049125, 0.7164646464645701 
19.158057271906777, 0.7708080808079986 
19.119139379303434, 0.825151515151427 
19.08416718966192, 0.8794949494948555 
19.052637071889585, 0.933838383838284 
19.024133263827174, 0.9881818181817125 
18.99830872962304, 1.042525252525141 
18.97487094087906, 1.0968686868685693 
18.953571139243216, 1.151212121211998 
18.934196107509944, 1.2055555555554263 
18.91656177898436, 1.2598989898988548 
18.90050821460273, 1.3142424242422832 
18.885895611848415, 1.3685858585857118 
18.872601101844065, 1.4229292929291402 
18.860516155460065, 1.4772727272725688 
18.849544464976717, 1.5316161616159971 
18.839600200696943, 1.5859595959594257 
18.830606565844416, 1.640303030302854 
18.822494590732397, 1.6946464646462827 
18.815202120348143, 1.748989898989711 
18.808672959412036, 1.8033333333331394 
18.802856146511356, 1.857676767676568 
18.79770533469678, 1.9120202020199963 
18.79317826040935, 1.966363636363425 
18.78923628610088, 2.020707070706853 
18.785844004657484, 2.0750505050502817 
18.78296889591012, 2.1293939393937102 
18.780581027247944, 2.1837373737371384 
18.778652791739034, 2.238080808080567 
18.777158678282532, 2.2924242424239956 
18.77607506922442, 2.346767676767424 
18.775380061609226, 2.4011111111108523 
18.77505330884662, 2.455454545454281 
18.77507588007087, 2.5097979797977095 
18.775430134884378, 2.564141414141138 
18.776099611519278, 2.618484848484566 
18.777068926737257, 2.672828282827995 
18.778323686027335, 2.7271717171714234 
18.77985040286272, 2.7815151515148515 
18.781636425947738, 2.83585858585828 
18.78366987352969, 2.8902020202017087 
18.785939573972726, 2.9445454545451373 
18.788435011894844, 2.9988888888885654 
18.791146279258236, 3.053232323231994 
18.79406403087946, 3.1075757575754226 
18.79717944389157, 3.161919191918851 
18.800484180746842, 3.2162626262622793 
18.803970355397766, 3.270606060605708 
18.80763050233622, 3.3249494949491365 
18.81145754820766, 3.379292929292565 
18.815444785749236, 3.4336363636359932 
18.8195858498287, 3.487979797979422 
18.82387469538552, 3.5423232323228504 
18.828305577096987, 3.5966666666662785 
18.83287303061121, 3.651010101009707 
18.83757185520517, 3.7053535353531357 
18.842397097740946, 3.7596969696965643 
18.8473440378061, 3.8140404040399924 
18.852408173935515, 3.868383838383421 
18.85758521082246, 3.9227272727268496 
18.862871047435394, 3.977070707070278 
18.868261765965247, 4.031414141413706 
18.87375362153504, 4.085757575757135 
18.87934303261011, 4.1401010101005635 
18.885026572052894, 4.194444444443992 
18.89080095877147, 4.248787878787421 
18.89666304991551, 4.303131313130849 
18.902609833577493, 4.357474747474277 
18.908638421960884, 4.411818181817706 
18.914746044980014, 4.466161616161134 
18.920930044259755, 4.520505050504562 
18.92718786750563, 4.574848484847991 
18.933517063217437, 4.6291919191914195 
18.93991527572183, 4.6835353535348485 
18.946380240501263, 4.737878787878277 
18.952909779798468, 4.792222222221705 
18.959501798477408, 4.846565656565134 
18.966154280123156, 4.900909090908562 
18.97286528336445, 4.95525252525199 
18.979632938404016, 5.009595959595419 
18.986455443742884, 5.063939393938847 
18.99333106308592, 5.118282828282276 
19.000258122416838, 5.1726262626257045 
19.00723500723177, 5.226969696969133 
19.014260159921314, 5.281313131312562 
19.021332077291646, 5.33565656565599 
19.028449308216132, 5.389999999999418 
